Sample 1
a: 0.07548896551909498
b: 0.015790421463147172
c: 0.023176307110930734
d: 0.0378365375570135
e: 0.11858673712106348
f: 0.020715689093992653
g: 0.016520140514593037
h: 0.06275046296171864
i: 0.06853714847834091
j: 0.0008815758706233655
k: 0.008005407715401506
l: 0.04276986838179761
m: 0.030239665001169164
n: 0.06395456658988714
o: 0.0838935013344586
p: 0.015649315569221178
q: 0.0008882951989055559
r: 0.06249916008396473
s: 0.06754268789257675
t: 0.08799497931790755
u: 0.03588658848952188
v: 0.010277884540438261
w: 0.023279784766476463
x: 0.001364023641284628
y: 0.025069813820851956
z: 0.000400471965618541
total_letters: 744122
checksum: 8970684

Sample 2
a: 0.0758196513245403
b: 0.01601734239036624
c: 0.024184663965802593
d: 0.04132652025140374
e: 0.11724897702234813
f: 0.023792480225816606
g: 0.019592687359753065
h: 0.06318092743204687
i: 0.06434859423071065
j: 0.0015585813356077452
k: 0.011026836029120595
l: 0.046414755246885375
m: 0.027851391554215277
n: 0.06526368962401129
o: 0.08038878227583336
p: 0.015495699940093616
q: 0.0011537055652014988
r: 0.06458593519956948
s: 0.06335607745184643
t: 0.08509244874958116
u: 0.03248144425152558
v: 0.008786692659944967
w: 0.024658076700478235
x: 0.001533197274767228
y: 0.0244943495080569
z: 0.0003464924304730574
total_letters: 787896
checksum: 9382518

Sample 3
a: 0.07697960952025293
b: 0.017139804294984844
c: 0.024310959135315013
d: 0.03939749541171014
e: 0.11765823785747795
f: 0.021488213975778082
g: 0.018003638736462716
h: 0.06170170069066886
i: 0.06600359620922867
j: 0.0012558823803024484
k: 0.009720130930721807
l: 0.04439311643557988
m: 0.028825490824084768
n: 0.06438623233956933
o: 0.08319257261857457
p: 0.015196841289691532
q: 0.0008292810638187596
r: 0.06259875953374204
s: 0.06588133041135796
t: 0.08700540494565152
u: 0.03460254977347603
v: 0.009791895638167661
w: 0.023399281555539903
x: 0.0012346187632814546
y: 0.024548845850737383
z: 0.0004545098138237432
total_letters: 752459
checksum: 8999564

Sample 4
a: 0.07583457231037095
b: 0.016969396611627243
c: 0.022355341236564637
d: 0.040909841804265226
e: 0.11882904214619666
f: 0.020660105988257908
g: 0.019503727419807375
h: 0.06317602913759332
i: 0.06692442633396528
j: 0.0014435065803447109
k: 0.00954995634080915
l: 0.04543440239352008
m: 0.030225795370814684
n: 0.06331369325288505
o: 0.08405115336306879
p: 0.014560930137428119
q: 0.0011013129223338394
r: 0.06238151052933819
s: 0.0634041582429339
t: 0.08566772340263738
u: 0.03278241465480395
v: 0.00984363978676484
w: 0.02338585547103416
x: 0.0012560211661854978
y: 0.02593067497371271
z: 0.0005047684227363431
total_letters: 762726
checksum: 9102852

Sample 5
a: 0.07727887570893426
b: 0.01579353575664025
c: 0.02223949271367527
d: 0.03751132815756425
e: 0.1175358534506173
f: 0.019399721939111658
g: 0.016196912287118035
h: 0.06155525855091015
i: 0.06935387147348068
j: 0.0011415555812521346
k: 0.008289387701318504
l: 0.04513111081828963
m: 0.029933227738321577
n: 0.0638840857202019
o: 0.08353659028507963
p: 0.016227837821121333
q: 0.0007368344623394225
r: 0.061564670669954635
s: 0.06840997039216266
t: 0.08933848938178512
u: 0.03443490981845367
v: 0.010920747268468594
w: 0.023120198138551772
x: 0.001591992706952329
y: 0.02442579350886487
z: 0.0004477479488303425
total_letters: 743722
checksum: 8971508

